# s = 3 certificate, part (iii): every x in [-128,128]^3 \ 0 with max|(Cx)_k|_c <= 512
# columns: i1 i2 i3 x1 x2 x3   (slots in the labelling w_i = 1753^(2i+1) mod q)
4 33 83 -27 112 53
4 33 83 27 -112 -53
4 191 200 -18 64 8
4 191 200 18 -64 -8
9 113 232 -90 -92 -41
9 113 232 90 92 41
19 44 147 -97 -39 0
19 44 147 97 39 0
19 83 147 0 0 -117
19 83 147 0 0 -78
19 83 147 0 0 -39
19 83 147 0 0 39
19 83 147 0 0 78
19 83 147 0 0 117
19 147 172 -97 39 0
19 147 172 97 -39 0
19 147 211 0 0 -117
19 147 211 0 0 -78
19 147 211 0 0 -39
19 147 211 0 0 39
19 147 211 0 0 78
19 147 211 0 0 117
23 82 215 -128 -115 94
23 82 215 128 115 -94
24 89 154 -49 20 43
24 89 154 49 -20 -43
26 152 217 -49 -20 43
26 152 217 49 20 -43
41 226 253 -47 -41 -114
41 226 253 47 41 114
44 83 172 -39 97 0
44 83 172 39 -97 0
44 83 211 -97 -39 0
44 83 211 97 39 0
44 108 236 0 0 -97
44 108 236 0 0 97
44 172 211 -39 -97 0
44 172 211 39 97 0
45 69 78 -108 63 -86
45 69 78 108 -63 86
45 72 95 -90 -92 9
45 72 95 90 92 -9
49 183 226 -93 119 -12
49 183 226 93 -119 12
53 95 185 -17 -114 38
53 95 185 17 114 -38
55 98 177 -93 -119 -12
55 98 177 93 119 12
56 78 229 -64 -128 -49
56 78 229 64 128 49
57 181 223 -17 114 38
57 181 223 17 -114 -38
58 90 127 -109 127 -9
58 90 127 109 -127 9
63 72 132 -18 -64 8
63 72 132 18 64 -8
65 212 244 -121 92 79
65 212 244 121 -92 -79
66 74 83 -52 -48 118
66 74 83 52 48 -118
67 108 117 -102 -106 -72
67 108 117 102 106 72
83 108 236 -39 97 0
83 108 236 39 -97 0
83 172 211 -97 39 0
83 172 211 97 -39 0
84 116 193 -121 -92 79
84 116 193 121 92 -79
87 151 210 -128 115 94
87 151 210 128 -115 -94
98 125 169 -47 41 -114
98 125 169 47 -41 114
101 184 206 -64 128 -49
101 184 206 64 -128 49
104 137 241 -90 92 -41
104 137 241 90 -92 41
108 172 236 0 0 -97
108 172 236 0 0 97
108 211 236 -39 -97 0
108 211 236 39 97 0
119 248 253 -90 52 107
119 248 253 90 -52 -107
120 125 247 -90 -52 107
120 125 247 90 52 -107
132 161 211 -27 -112 53
132 161 211 27 112 -53
173 197 206 -108 -63 -86
173 197 206 108 63 86
173 200 223 -90 92 9
173 200 223 90 -92 -9
186 218 255 -109 -127 -9
186 218 255 109 127 9
194 202 211 -52 48 118
194 202 211 52 -48 -118
195 236 245 -102 106 -72
195 236 245 102 -106 72
